ýÿûþþ?·ÿóûÿûÿþûÿÿÿ÷þû÷ÿû÷ý{ûÿÿû³ÿÿÿ·ÿsûÿûÿýûþû·ý·û·ýûÿÿÿ’ÿûûúÿþûÿ÷ÿû¿þ÷ÿsûÿûúúÿú³ÿûwûûþÿû·ÿûÿ°ûþÿûþÿ÷w{ÿýûÿÿûþúû·ÿ;wúýÿþùþú·ÿ÷ûúÿûþþ?·ÿóûÿûÿþûÿÿÿ÷þû÷ÿû÷ý{ûÿÿû³ÿÿÿ·ÿsûÿûÿýûþû·ý·1364,3171,26,170,141,138,148,129,112
3376,3167,0,0,0,0,0,0,14
4700,3168,4,5,3,2,0,0,3
5984,3175,0,1,1,2,2,0,2
7264,3175,0,1,1,1,1,1,4
8540,3166,0,1,1,2,2,2,4
9816,3168,1,2,2,2,2,3,7
11092,3167,1,3,2,2,2,2,6
12428,3164,0,1,1,1,1,1,5
13760,3166,0,0,0,0,0,0,1
15088,3165,0,0,0,0,0,0,0
16424,3162,0,0,0,0,0,0,0
17756,3155,0,0,0,0,0,0,0
19084,3166,0,0,0,0,0,0,0
20416,3161,0,0,0,0,0,0,0
21756,3167,0,0,0,1,1,1,0
23084,3171,0,0,0,0,0,1,1
24416,3166,0,1,1,1,1,1,3
25752,3165,0,1,1,1,2,2,5
27084,3164,0,2,2,2,2,3,7
28412,3166,1,2,1,1,1,1,6
29752,3165,0,1,0,0,0,0,2
31084,3165,0,0,0,0,0,0,0
32412,3164,0,0,0,0,0,0,0
33744,3166,0,0,0,0,0,0,0
35080,3167,0,0,0,0,0,0,0
36412,3167,0,0,0,0,0,0,0
37744,3167,0,0,0,0,0,0,0
39084,3175,0,0,0,0,1,1,0
40412,3175,0,0,0,0,1,1,2
41744,3167,0,1,1,1,1,2,4
43084,3169,0,1,1,1,2,2,7
44412,3168,1,2,2,1,1,2,6
45744,3167,0,1,1,1,1,1,4
47076,3167,0,0,0,0,0,0,1
48412,3167,0,0,0,0,0,0,0
49744,3166,0,0,0,0,0,0,0
51076,3166,0,0,0,0,0,0,0
52416,3167,0,0,0,0,0,0,0
53744,3166,0,0,0,0,0,0,0
55076,3166,0,0,0,0,0,1,0
56404,3176,0,0,0,0,1,0,1
57732,3165,0,1,0,0,1,1,3
59064,3167,0,1,1,1,1,2,5
60396,3166,1,2,2,2,2,3,7
61732,3165,0,1,1,1,1,1,6
63064,3163,0,1,0,0,0,0,1
64396,3166,0,0,0,0,0,0,0
65736,3162,0,0,0,0,0,0,0
67064,3165,0,0,0,0,0,0,0
68396,3164,0,0,0,0,0,0,0
69724,3161,0,0,0,0,0,0,0
71056,3164,0,0,0,0,0,1,0
72388,3172,0,0,0,0,0,1,0
73720,3175,0,0,0,0,0,1,2
75056,3165,0,1,1,1,1,1,4
76388,3165,1,1,1,1,2,3,7
77720,3166,0,2,1,1,1,2,6
79060,3166,0,1,1,1,1,1,4
80392,3167,0,0,0,0,0,0,1
81712,3166,0,0,0,0,0,0,0
83052,3165,0,0,0,0,0,0,0
84384,3167,0,0,0,0,0,0,0
85716,3168,0,0,0,0,0,0,0
87052,3165,0,0,0,0,0,0,0
88384,3170,0,0,0,0,1,1,0
89712,3175,0,0,0,0,0,1,1
91044,3166,0,1,1,0,1,2,3
92384,3166,0,1,1,1,1,2,5
93716,3168,0,2,2,1,1,2,7
95048,3165,0,1,1,1,1,1,6
96384,3168,0,0,0,0,0,0,2
97716,3166,0,0,0,0,0,0,0
99048,3165,0,0,0,0,0,0,0
100384,3168,0,0,0,0,0,0,0
101768,3169,0,0,0,0,0,0,0
103152,3165,0,0,0,0,0,0,0
104548,3167,0,0,0,0,0,1,0
105932,3176,0,0,0,0,0,1,1
107304,3168,0,0,0,0,1,2,3
108696,3167,0,1,1,1,1,2,5
110080,3168,1,2,1,1,2,3,7
111464,3166,0,1,1,0,1,2,6
112856,3167,0,1,0,0,0,0,2
114240,3167,0,0,0,0,0,0,0
115624,3166,0,0,0,0,0,0,0
117016,3168,0,0,0,0,0,0,0
118400,3163,0,0,0,0,0,0,0
119784,3167,0,0,0,0,0,0,0
121176,3167,0,0,0,0,1,1,0
122560,3176,0,1,0,0,0,1,1
123952,3167,0,0,1,0,1,2,3
125340,3168,0,1,1,1,1,2,5
126724,3168,1,2,1,1,1,3,7
128104,3168,0,2,1,1,1,1,6
129488,3166,0,1,0,0,0,0,2
130860,3166,0,0,0,0,0,0,0
132252,3166,0,0,0,0,0,0,0
133636,3167,0,0,0,0,0,0,0
135020,3167,0,0,0,0,0,0,0
136412,3167,0,0,0,0,0,0,0
137796,3168,0,0,0,0,0,1,0
139180,3176,1,1,0,0,0,1,1
140572,3168,0,1,0,1,1,1,3
141960,3167,0,1,1,1,1,2,5
143344,3169,1,2,2,1,2,3,7
144736,3168,0,2,1,1,1,1,6
146120,3167,0,0,0,0,0,0,2
147512,3167,0,0,0,0,0,0,0
148896,3166,0,0,0,0,0,0,0
150280,3167,0,0,0,0,0,0,0
151672,3167,0,0,0,0,0,0,0
153060,3167,0,0,0,0,0,0,0
154444,3169,0,0,0,0,1,1,0
155836,3173,0,0,0,0,0,1,1
157220,3168,0,0,0,1,1,1,3
158608,3167,0,1,1,1,1,2,5
160000,3167,1,2,2,2,2,3,7
161380,3166,0,2,1,1,1,2,6
162764,3167,0,0,0,0,0,0,2
164156,3165,0,0,0,0,0,0,0
165540,3166,0,0,0,0,0,0,0
166932,3166,0,0,0,0,0,0,0
168316,3168,0,0,0,0,0,0,0
169700,3168,0,0,0,0,0,0,0
171092,3168,0,0,0,0,0,1,0
172476,3174,1,0,0,0,0,1,1
173864,3165,0,0,0,0,1,1,3
175252,3165,0,1,1,1,1,2,5
176640,3168,1,2,2,2,2,3,8
178024,3163,0,1,1,1,1,1,6
179412,3166,0,1,0,0,0,0,2
180796,3166,0,0,0,0,0,0,0
182184,3164,0,0,0,0,0,0,0
183572,3165,0,0,0,0,0,0,0
184960,3166,0,0,0,0,0,0,0
186344,3163,0,0,0,0,0,0,0
187732,3160,0,0,0,0,0,1,0
189120,3175,1,0,0,0,0,1,1
190512,3165,0,0,0,1,1,1,3
191896,3166,0,1,1,1,1,2,5
193284,3167,0,2,2,1,2,3,7
194664,3165,0,2,1,1,1,2,6
196048,3161,0,0,0,0,0,0,2
197424,3163,0,0,0,0,0,0,0
198812,3163,0,0,0,0,0,0,0
200200,3163,0,0,0,0,0,0,0
201584,3166,0,0,0,0,0,0,0
202976,3160,0,0,0,0,0,0,0
204360,3165,0,0,0,0,1,1,0
205748,3172,0,0,0,0,0,1,0
207136,3167,0,0,0,1,1,1,3
208520,3163,0,1,1,1,1,2,5
209904,3165,1,2,2,2,2,3,7
211296,3163,0,1,1,1,1,2,6
212680,3160,0,1,0,0,0,0,2
214072,3164,0,0,0,0,0,0,0
215456,3165,0,0,0,0,0,0,0
216844,3162,0,0,0,0,0,0,0
218232,3167,0,0,0,0,0,0,0
219620,3159,0,0,0,0,0,0,0
221004,3164,0,0,0,0,0,1,0
222396,3174,0,0,0,0,0,1,0
223780,3170,0,0,0,0,1,1,3
225168,3163,0,1,1,1,1,2,5
226560,3166,1,2,2,2,2,3,7
227944,3164,0,2,1,1,1,2,6
229328,3163,0,1,0,0,0,0,2
230720,3165,0,0,0,0,0,0,0
232104,3167,0,0,0,0,0,0,0
233492,3165,0,0,0,0,0,0,0
234880,3166,0,0,0,0,0,0,0
236264,3166,0,0,0,0,0,0,0
237660,3162,0,0,0,0,0,1,0
239044,3174,0,0,0,0,0,1,1
240428,3169,0,0,0,0,0,1,3
241820,3165,0,1,1,1,1,2,5
243204,3169,1,2,2,1,2,2,7
244592,3167,0,1,1,1,1,1,6
245980,3164,0,1,0,0,0,0,2
247368,3167,0,0,0,0,0,0,0
248752,3165,0,0,0,0,0,0,0
250144,3165,0,0,0,0,0,0,0
251528,3167,0,0,0,0,0,0,0
252912,3167,0,0,0,0,0,0,0
254304,3165,0,0,0,0,0,0,0
255688,3176,0,0,0,0,0,1,1
257084,3170,0,0,0,1,0,1,3
258468,3166,0,1,1,1,1,2,5
259852,3168,0,2,1,2,2,3,8
261240,3167,0,2,1,1,1,2,6
262628,3164,0,1,0,0,0,0,2
264012,3166,0,0,0,0,0,0,0
265400,3166,0,0,0,0,0,0,0
266784,3166,0,0,0,0,0,0,0
268172,3169,0,0,0,0,0,0,0
269560,3163,0,0,0,0,0,0,0
270948,3168,0,0,0,0,0,1,0
272332,3175,1,0,0,0,0,1,1
273724,3169,0,0,0,0,1,1,3
275108,3167,0,1,0,1,1,2,5
276500,3169,1,2,1,1,2,3,7
277884,3166,0,2,1,0,0,1,6
279268,3167,0,1,0,0,0,0,2
280664,3167,0,0,0,0,0,0,0
282048,3167,0,0,0,0,0,0,0
283432,3166,0,0,0,0,0,0,0
284824,3169,0,0,0,0,0,0,0
286208,3166,0,0,0,0,0,0,0
287596,3167,0,0,0,0,1,1,0
288988,3177,0,0,0,0,0,0,1
290372,3169,0,1,0,1,1,1,3
291756,3166,0,1,1,1,1,2,5
293148,3169,0,2,2,2,2,3,7
294532,3168,0,1,1,1,1,1,6
295920,3166,0,0,0,0,0,0,2
297312,3168,0,0,0,0,0,0,0
298696,3166,0,0,0,0,0,0,0
300088,3167,0,0,0,0,0,0,0
301476,3167,0,0,0,0,0,0,0
302860,3167,0,0,0,0,0,0,0
304252,3166,0,0,0,0,0,1,0
305636,3177,0,0,0,0,0,0,1
307024,3169,0,0,0,1,1,1,3
308416,3165,1,1,1,1,1,2,5
309804,3165,0,2,2,1,2,3,7
311188,3165,0,1,1,1,1,2,6
312580,3166,0,1,0,0,0,0,2
313964,3163,0,0,0,0,0,0,0
315352,3164,0,0,0,0,0,0,0
316744,3166,0,0,0,0,0,0,0
318128,3166,0,0,0,0,0,0,0
319524,3163,0,0,0,0,0,0,0
320908,3165,0,0,0,0,1,1,0
322292,3175,1,0,0,0,0,1,1
323688,3167,0,1,0,1,1,1,3
325072,3162,1,1,1,1,1,2,5
326448,3165,0,2,2,2,2,3,7
327840,3167,1,2,1,1,1,1,6
329224,3163,0,1,0,0,0,0,2
330608,3166,0,0,0,0,0,0,0
331996,3165,0,0,0,0,0,0,0
333384,3164,0,0,0,0,0,0,0
334768,3163,0,0,0,0,0,0,0
336160,3166,0,0,0,0,0,0,0
337544,3163,0,0,0,0,0,0,0
338928,3171,0,0,0,0,0,0,1
340320,3168,0,0,0,0,1,1,3
341704,3163,0,1,1,1,1,2,5
343096,3165,0,2,2,2,2,3,7
344480,3165,0,1,1,1,1,1,6
345868,3161,0,0,0,0,0,0,2
347256,3160,0,0,0,0,0,0,0
348644,3164,0,0,0,0,0,0,0
350028,3165,0,0,0,0,0,0,0
351420,3161,0,0,0,0,0,0,0
352804,3166,0,0,0,0,0,0,0
354188,3163,0,0,0,0,1,1,0
355580,3175,0,0,0,0,0,1,1
356968,3168,0,1,0,0,1,1,3
358352,3164,0,1,1,1,1,2,5
359744,3163,1,2,2,1,2,3,7
361128,3166,0,1,1,1,1,2,6
362520,3164,0,1,0,0,0,0,2
363904,3161,0,0,0,0,0,0,0
365292,3166,0,0,0,0,0,0,0
366684,3165,0,0,0,0,0,0,0
368072,3163,0,0,0,0,0,0,0
369456,3166,0,0,0,0,0,0,0
370848,3166,0,0,0,0,1,1,0
372232,3172,0,0,0,0,0,1,1
373620,3168,0,1,1,0,1,1,3
375008,3166,0,1,1,1,1,2,5
376396,3165,0,2,2,2,2,3,7
377780,3166,0,1,1,1,1,1,5
379172,3161,0,0,0,0,0,0,2
380560,3165,0,0,0,0,0,0,0
381944,3166,0,0,0,0,0,0,0
383336,3166,0,0,0,0,0,0,0
384724,3166,0,0,0,0,0,0,0
386116,3167,0,0,0,0,0,0,0
387500,3164,0,0,0,0,0,0,0
388888,3174,0,0,0,0,0,1,1
390280,3160,0,0,0,0,0,0,2
391664,3140,0,1,1,1,2,2,4
393052,3151,2,3,2,2,3,4,8
394444,3169,0,1,1,0,0,1,6
395828,3164,0,1,0,0,0,0,2
397212,3164,0,0,0,0,0,0,0
398604,3166,0,0,0,0,0,0,0
399992,3167,0,0,0,0,0,0,0
401380,3167,0,0,0,0,0,0,0
402768,3167,0,0,0,0,0,0,0
404156,3166,0,0,0,0,0,0,0
405548,3168,0,0,0,0,1,1,1
406936,3171,0,1,0,0,1,2,3
408320,3168,0,1,1,1,1,2,5
409704,3168,1,2,2,1,1,3,7
411084,3167,0,1,1,1,0,1,6
412460,3167,0,1,1,0,0,0,1
413852,3165,0,0,0,0,0,0,0
415236,3168,0,0,0,0,0,0,0
416620,3167,0,0,0,0,0,0,0
418012,3140,0,0,0,0,0,0,0
419396,3132,0,0,0,0,0,0,0
420780,3164,1,0,0,0,1,1,0
422172,3174,0,1,0,0,0,1,1
423556,3170,0,0,0,0,1,1,3
424944,3168,0,1,1,0,1,2,5
426336,3166,0,2,2,2,2,3,7
427720,3167,0,1,1,1,1,2,6
429112,3167,0,0,0,0,0,0,2
430496,3165,0,0,0,0,0,0,0
431880,3168,0,0,0,0,0,0,0
433272,3167,0,0,0,0,0,0,0
434660,3167,0,0,0,0,0,0,0
436044,3167,0,0,0,0,0,0,0
437436,3168,0,0,0,0,0,1,0
438820,3175,0,0,0,0,1,1,1
440208,3171,0,0,0,0,1,1,3
441600,3168,0,1,1,1,1,2,5
442984,3166,1,2,2,2,2,3,7
444368,3167,0,1,1,1,1,1,6
445760,3164,0,0,0,0,0,0,2
447144,3167,0,0,0,0,0,0,0
448536,3165,0,0,0,0,0,0,0
449924,3168,0,0,0,0,0,0,0
451308,3167,0,0,0,0,0,0,0
452700,3168,0,0,0,0,0,0,0
454088,3165,0,0,0,0,1,1,0
455472,3174,1,0,0,0,0,1,1
456864,3165,0,0,0,0,1,1,3
458248,3167,1,1,1,1,1,2,5
459636,3167,1,2,2,2,2,3,7
461028,3165,0,1,1,1,1,1,6
462412,3165,0,0,0,0,0,0,2
463796,3166,0,0,0,0,0,0,0
465188,3165,0,0,0,0,0,0,0
466572,3165,0,0,0,0,0,0,0
467960,3166,0,0,0,0,0,0,0
469352,3164,0,0,0,0,0,0,0
470736,3159,0,0,0,0,0,0,0
472132,3173,1,1,1,1,1,1,1
473520,3165,0,0,0,0,1,2,3
474904,3163,0,1,1,1,1,2,5
476296,3167,1,2,2,2,2,3,7
477680,3162,0,1,1,1,1,1,6
479068,3161,0,0,0,0,0,0,1
480460,3163,0,0,0,0,0,0,0
481844,3159,0,0,0,0,0,0,0
483232,3164,0,0,0,0,0,0,0
484620,3168,0,0,0,0,0,0,0
486008,3161,0,0,0,0,0,0,0
487392,3166,0,0,0,0,0,1,0
488784,3175,0,0,0,0,0,1,1
490172,3165,0,1,0,0,1,1,3
491564,3161,0,1,1,1,1,2,5
492948,3159,0,2,2,2,2,3,7
494336,3165,0,2,1,1,1,2,6
495716,3164,0,0,0,0,0,0,2
497100,3164,0,0,0,0,0,0,0
498476,3161,0,0,0,0,0,0,0
499868,3165,0,0,0,0,0,0,0
501256,3165,0,0,0,0,0,0,0
502640,3160,0,0,0,0,0,0,0
504032,3166,0,0,0,0,0,0,0
505416,3173,0,0,0,0,1,1,1
506804,3162,0,0,0,0,1,1,3
508196,3166,0,1,1,1,1,2,5
509580,3166,1,2,2,1,2,3,7
510968,3162,0,1,1,1,1,1,6
512360,3165,0,0,0,0,0,0,1
513744,3166,0,0,0,0,0,0,0
515140,3162,0,0,0,0,0,0,0
516524,3166,0,0,0,0,0,0,0
517908,3168,0,0,0,0,0,0,0
519300,3164,0,0,0,0,0,0,0
520684,3164,0,0,0,0,0,0,0
522068,3174,0,0,0,0,1,0,1
523460,3165,0,0,1,0,1,1,2
524848,3167,0,1,1,1,1,2,5
526232,3167,1,2,2,2,2,3,8
527624,3163,0,1,1,1,1,1,6
529008,3165,0,0,0,0,0,0,2
530392,3165,0,0,0,0,0,0,0
531784,3164,0,0,0,0,0,0,0
533172,3166,0,0,0,0,0,0,0
534564,3164,0,0,0,0,0,0,0
535948,3167,0,0,0,0,0,0,0
537332,3166,0,0,0,0,0,0,0
538728,3175,0,0,0,0,0,1,1
540116,3167,0,0,0,0,1,1,3
541492,3167,0,1,1,1,1,2,5
542884,3169,0,2,2,1,2,3,7
544268,3164,0,1,1,1,1,1,6
545652,3167,0,0,0,0,0,0,1
547044,3166,0,0,0,0,0,0,0
548428,3167,0,0,0,0,0,0,0
549816,3166,0,0,0,0,0,0,0
551208,3168,0,0,0,0,0,0,0
552592,3166,0,0,0,0,0,0,0
553980,3166,0,0,0,0,0,1,0
555368,3174,0,0,0,0,0,1,1
556756,3168,0,0,0,1,1,1,3
558152,3167,0,1,1,1,1,2,5
559536,3169,1,2,2,2,2,3,7
560924,3165,0,1,1,1,1,2,5
562316,3166,0,0,0,0,0,0,2
563700,3167,0,0,0,0,0,0,0
565088,3165,0,0,0,0,0,0,0
566480,3166,0,0,0,0,0,0,0
567864,3169,0,0,0,0,0,0,0
569248,3167,0,0,0,0,0,0,0
570640,3169,0,0,0,0,0,0,0
572028,3175,0,0,0,0,1,1,1
573412,3168,0,0,0,1,1,1,3
574808,3168,0,1,1,1,1,2,5
576192,3166,1,1,1,1,2,3,7
577584,3166,1,2,1,1,1,1,6
578968,3168,0,0,0,0,0,0,2
580356,3166,0,0,0,0,0,0,0
581736,3167,0,0,0,0,0,0,0
583124,3168,0,0,0,0,0,0,0
584500,3169,0,0,0,0,0,0,0
585892,3167,0,0,0,0,0,0,0
587276,3167,0,0,0,0,1,1,0
588664,3176,0,0,0,0,0,1,1
590056,3166,0,1,0,0,1,1,3
591440,3167,0,1,1,1,1,2,5
592828,3169,1,2,2,1,2,3,7
594220,3166,0,2,1,1,1,1,6
595604,3167,0,0,0,0,0,0,1
596992,3165,0,0,0,0,0,0,0
598384,3165,0,0,0,0,0,0,0
599768,3164,0,0,0,0,0,0,0
601164,3168,0,0,0,0,0,0,0
602552,3167,0,0,0,0,0,0,0
603936,3163,0,0,0,0,0,1,0
605332,3172,0,0,0,0,0,1,1
606716,3167,0,1,0,1,1,2,3
608104,3164,0,1,1,1,2,2,5
609496,3167,0,2,1,2,2,3,7
610880,3165,0,1,1,1,1,1,6
612268,3161,0,0,0,0,0,0,1
613660,3161,0,0,0,0,0,0,0
615048,3164,0,0,0,0,0,0,0
616432,3163,0,0,0,0,0,0,0
617824,3160,0,0,0,0,0,0,0
619208,3165,0,0,0,0,0,0,0
620604,3164,0,0,0,0,0,0,0
621988,3165,0,0,0,0,1,1,1
623376,3166,0,1,1,0,1,1,3
624768,3163,0,1,1,1,1,2,5
626152,3159,1,2,2,2,2,3,7
627540,3164,0,1,1,1,1,1,6
628932,3165,0,0,0,0,0,0,1
630316,3160,0,0,0,0,0,0,0
631704,3165,0,0,0,0,0,0,0
633096,3165,0,0,0,0,0,0,0
634484,3161,0,0,0,0,0,0,0
635872,3166,0,0,0,0,0,0,0
637264,3164,0,0,0,0,0,1,0
638648,3170,0,0,0,0,1,1,1
640044,3166,0,0,1,1,1,1,3
641428,3166,0,1,1,1,1,2,5
642812,3163,0,2,2,2,2,3,7
644192,3167,0,1,1,1,1,1,6
645580,3164,0,0,0,0,0,0,1
646956,3162,0,0,0,0,0,0,0
648348,3167,0,0,0,0,0,0,0
649732,3167,0,0,0,0,0,0,0
651116,3161,0,0,0,0,0,0,0
652508,3167,0,0,0,0,0,0,0
653896,3166,0,0,0,0,1,0,0
655280,3173,0,0,0,0,0,1,1
656676,3167,0,1,1,1,1,1,2
658060,3166,0,1,1,1,1,2,5
659444,3165,1,2,1,1,2,3,8
660832,3167,0,1,1,1,1,1,6
662220,3165,0,0,0,0,0,0,1
663612,3165,0,0,0,0,0,0,0
664996,3167,0,0,0,0,0,0,0
666380,3166,0,0,0,0,0,0,0
667772,3165,0,0,0,0,0,0,0
669156,3165,0,0,0,0,0,0,0
670544,3164,0,0,0,0,0,0,0
671936,3174,0,0,0,0,1,1,1
673320,3168,0,1,0,1,1,1,3
674704,3165,0,1,1,1,1,2,5
676096,3168,1,2,2,2,1,2,7
677484,3167,0,1,1,1,1,1,5
678868,3165,0,0,0,0,0,0,1
680260,3166,0,0,0,0,0,0,0
681644,3165,0,0,0,0,0,0,0
683032,3163,0,0,0,0,0,0,0
684420,3167,0,0,0,0,0,0,0
685804,3167,0,0,0,0,0,0,0
687200,3166,0,0,0,0,0,0,0
688584,3176,0,0,0,0,0,1,1
689960,3165,0,0,0,1,1,1,3
691352,3167,0,1,1,1,1,2,5
692736,3169,1,2,2,2,2,2,7
694124,3164,0,1,1,1,1,2,6
695516,3167,0,0,0,0,0,0,1
696900,3166,0,0,0,0,0,0,0
698288,3166,0,0,0,0,0,0,0
699680,3166,0,0,0,0,0,0,0
701064,3165,0,0,0,0,0,0,0
702448,3166,0,0,0,0,0,0,0
703840,3165,0,0,0,1,1,1,0
705228,3175,0,0,0,0,1,1,1
706620,3167,0,0,0,1,1,1,3
708004,3167,1,1,1,1,2,2,5
709392,3167,1,2,1,1,2,3,8
710784,3167,0,2,1,0,0,1,6
712168,3166,0,0,0,0,0,0,1
713556,3166,0,0,0,0,0,0,0
714948,3166,0,0,0,0,0,0,0
716336,3167,0,0,0,0,0,0,0
717720,3167,0,0,0,0,0,0,0
719112,3168,0,0,0,0,0,0,0
720500,3167,0,0,0,0,1,1,0
721884,3175,0,0,0,0,0,1,1
723276,3168,0,1,0,1,1,1,3
724660,3167,0,1,1,1,1,2,5
726052,3167,0,2,2,2,2,3,7
727440,3166,0,1,1,1,1,1,5
728824,3167,0,0,0,0,0,0,1
730220,3166,0,0,0,0,0,0,0
731604,3167,0,0,0,0,0,0,0
732992,3165,0,0,0,0,0,0,0
734384,3167,0,0,0,0,0,0,0
735768,3167,0,0,0,0,0,0,0
737156,3168,0,0,0,0,1,1,0
738548,3176,0,0,0,0,0,1,1
739936,3167,0,1,1,0,1,1,3
741320,3166,0,1,1,1,1,2,5
742712,3163,1,2,2,2,2,3,7
744100,3164,0,1,1,1,1,1,6
745492,3166,0,0,0,0,0,0,2
746876,3163,0,0,0,0,0,0,0
748264,3165,0,0,0,0,0,0,0
749656,3167,0,0,0,0,0,0,0
751044,3165,0,0,0,0,0,0,0
752428,3166,0,0,0,0,0,0,0
753824,3165,0,0,0,0,1,1,0
755208,3169,0,0,0,0,0,1,1
756592,3163,0,1,0,0,1,1,3
757988,3164,0,1,1,1,1,2,5
759372,3164,1,2,2,2,2,3,7
760760,3163,0,1,1,1,1,1,5
762152,3167,0,0,0,0,0,0,1
763536,3162,0,0,0,0,0,0,0
764924,3160,0,0,0,0,0,0,0
766316,3164,0,0,0,0,0,0,0
767704,3163,0,0,0,0,0,0,0
769100,3166,0,0,0,0,0,0,0
770488,3166,0,0,0,0,1,0,0
771872,3169,0,0,0,0,1,1,1
773264,3166,0,0,1,1,1,1,4
774648,3165,0,1,1,1,1,2,6
776036,3165,1,2,2,2,2,3,7
777428,3161,0,1,1,1,1,1,6
778812,3165,0,0,0,0,0,0,1
780200,3165,0,0,0,0,0,0,0
781592,3160,0,0,0,0,0,0,0
782976,3167,0,0,0,0,0,0,0
784364,3166,0,0,0,0,0,0,0
785756,3162,0,0,0,0,0,0,0
787140,3166,0,0,0,0,1,1,0
788536,3175,0,0,0,0,0,1,1
789920,3162,0,1,1,0,1,1,3
791308,3166,0,1,1,1,1,2,6
792700,3167,0,2,2,2,2,2,7
794088,3163,0,1,1,1,1,1,5
795472,3167,0,0,0,0,0,0,1
796864,3164,0,0,0,0,0,0,0
798252,3163,0,0,0,0,0,0,0
799640,3168,0,0,0,0,0,0,0
801032,3167,0,0,0,0,0,0,0
802416,3164,0,0,0,0,0,0,0
803804,3168,0,0,0,0,0,0,0
805196,3176,0,0,0,0,1,0,1
806580,3165,0,0,0,0,1,1,3
807972,3166,0,1,1,1,1,2,6
809360,3166,1,2,2,2,2,3,7
810744,3163,0,1,1,1,1,2,5
812140,3167,0,0,0,0,0,0,1
813524,3165,0,0,0,0,0,0,0
814912,3165,0,0,0,0,0,0,0
816304,3167,0,0,0,0,0,0,0
817692,3169,0,0,0,0,0,0,0
819076,3165,0,0,0,0,0,0,0
820472,3169,0,0,0,0,0,1,0
821856,3174,0,0,0,0,0,1,1
823240,3160,0,0,1,0,1,2,4
824632,3168,1,1,1,1,1,2,6
826016,3168,1,2,2,1,1,2,7
827404,3166,0,1,1,1,1,1,5
828792,3168,0,0,0,0,0,0,1
830176,3167,0,0,0,0,0,0,0
831572,3165,0,0,0,0,0,0,0
832956,3168,0,0,0,0,0,0,0
834344,3167,0,0,0,0,0,0,0
835732,3166,0,0,0,0,0,0,0
837120,3169,0,0,0,0,0,1,0
838504,3176,0,0,0,0,0,0,0
839896,3162,0,1,1,1,1,2,4
841280,3169,0,1,1,1,1,2,6
842664,3168,0,2,2,2,2,3,7
844056,3167,0,0,1,1,1,1,5
845440,3166,0,0,0,0,0,0,1
846824,3166,0,0,0,0,0,0,0
848216,3166,0,0,0,0,0,0,0
849600,3168,0,0,0,0,0,0,0
850992,3165,0,0,0,0,0,0,0
852380,3166,0,0,0,0,0,0,0
853764,3168,0,0,0,0,1,1,0
855148,3175,0,0,0,0,1,1,1
856532,3166,0,0,0,1,1,1,3
857908,3169,1,1,1,1,1,2,6
859300,3168,1,2,1,2,2,3,7
860688,3166,0,1,1,1,1,1,5
862072,3167,0,0,0,0,0,0,1
863464,3166,0,0,0,0,0,0,0
864848,3167,0,0,0,0,0,0,0
866236,3168,0,0,0,0,0,0,0
867628,3168,0,0,0,0,0,0,0
869012,3166,0,0,0,0,0,0,0
870396,3169,0,0,0,0,1,0,0
871792,3172,0,0,0,0,1,1,2
873176,3168,0,1,1,0,1,1,3
874572,3167,0,1,1,1,1,2,6
875956,3169,1,2,2,2,2,2,7
877344,3166,0,1,1,1,1,1,5
878736,3168,0,0,0,0,0,0,1
880124,3166,0,0,0,0,0,0,0
881508,3163,0,0,0,0,0,0,0
882900,3165,0,0,0,0,0,0,0
884284,3168,0,0,0,0,0,0,0
885672,3162,0,0,0,0,0,0,0
887064,3166,0,0,0,0,0,1,0
888448,3175,0,0,0,0,1,1,1
889832,3164,0,1,0,0,1,1,4
891224,3167,0,1,1,1,1,2,6
892612,3165,1,2,2,2,2,3,7
894004,3161,0,1,1,1,1,1,5
895392,3162,0,0,0,0,0,0,1
896780,3164,0,0,0,0,0,0,0
898168,3163,0,0,0,0,0,0,0
899556,3162,0,0,0,0,0,0,0
900940,3167,0,0,0,0,0,0,0
902332,3164,0,0,0,0,0,0,0
903720,3164,0,0,0,0,0,1,0
905104,3173,0,0,0,0,1,1,1
906496,3161,0,0,1,0,0,1,4
907880,3165,1,1,1,1,1,2,6
909268,3166,1,2,2,2,2,3,7
910660,3162,0,1,1,1,1,1,5
912048,3162,0,0,0,0,0,0,1
913436,3164,0,0,0,0,0,0,0
914824,3164,0,0,0,0,0,0,0
916208,3161,0,0,0,0,0,0,0
917604,3166,0,0,0,0,0,0,0
918992,3148,0,0,0,0,0,0,0
920368,3164,1,1,0,0,1,1,0
921760,3175,0,1,0,0,1,1,1
923144,3165,0,0,0,0,1,1,3
924532,3163,0,2,1,1,2,2,6
925924,3167,1,2,2,2,2,3,7
927308,3165,0,1,1,1,1,1,5
928696,3164,0,0,0,0,0,0,1
930088,3165,0,0,0,0,0,0,0
931472,3166,0,0,0,0,0,0,0
932860,3164,0,0,0,0,0,0,0
934252,3168,0,0,0,0,0,0,0
935636,3167,0,0,0,0,0,0,0
937032,3165,0,0,0,0,1,1,0
938420,3174,0,0,0,0,1,1,1
939804,3166,0,1,0,0,1,1,4
941196,3165,0,1,1,1,1,2,6
942584,3168,1,2,2,1,1,2,7
943972,3165,0,1,1,1,0,1,5
945364,3164,0,0,0,0,0,0,1
946748,3164,0,0,0,0,0,0,0
948136,3167,0,0,0,0,0,0,0
949528,3166,0,0,0,0,0,0,0
950916,3167,0,0,0,0,0,0,0
952304,3167,0,0,0,0,0,0,0
953696,3167,0,0,0,0,0,1,0
955080,3174,0,0,0,0,0,1,2
956476,3168,0,1,1,1,0,1,3
957864,3165,0,1,1,1,2,2,6
959252,3168,0,2,2,2,2,2,7
960644,3167,0,1,1,1,1,1,5
962028,3166,0,0,0,0,0,0,1
963416,3166,0,0,0,0,0,0,0
964808,3163,0,0,0,0,0,0,0
966192,3166,0,0,0,0,0,0,0
967576,3169,0,0,0,0,0,0,0
968972,3167,0,0,0,0,0,0,0
970356,3167,0,0,0,0,1,1,0
971744,3172,0,0,0,0,1,1,2
973136,3167,0,0,0,0,1,1,4
974520,3165,0,2,0,1,2,3,6
975916,3170,1,2,1,1,2,3,7
977300,3167,0,1,1,0,0,1,5
978688,3164,0,0,0,0,0,0,1
980068,3166,0,0,0,0,0,0,0
981456,3167,0,0,0,0,0,0,0
982832,3167,0,0,0,0,0,0,0
984224,3169,0,0,0,0,0,0,0
985612,3165,0,0,0,0,0,0,0
986996,3166,0,0,0,0,1,1,0
988388,3175,0,0,0,0,0,1,2
989772,3167,0,0,0,0,1,1,4
991160,3167,0,2,1,1,2,2,6
992552,3171,1,2,2,2,2,3,7
993940,3166,0,1,1,1,1,1,5
995324,3165,0,0,0,0,0,0,1
996716,3165,0,0,0,0,0,0,0
998104,3166,0,0,0,0,0,0,0
999496,3166,0,0,0,0,0,0,0
1000884,3168,0,0,0,0,0,0,0
1002324,3167,0,0,0,0,0,0,0
1003768,3170,0,0,0,0,0,1,0
1005208,3172,0,0,0,0,1,1,3
1006656,3162,0,0,1,1,1,2,4
1008096,3166,1,2,1,2,2,3,7
1009536,3161,1,2,1,1,1,2,7
1010984,3165,0,1,1,1,0,0,3
1012424,3166,0,0,0,0,0,0,0
1013876,3164,0,0,0,0,0,0,0
1015316,3163,0,0,0,0,0,0,0
1016756,3167,0,0,0,0,0,0,0
1018204,3164,0,0,0,0,0,0,0
1019644,3166,0,0,0,0,0,1,0
1021092,3174,0,0,0,0,0,1,1
1022536,3169,0,0,0,0,1,2,3
1023976,3165,0,1,1,1,1,2,5
1025424,3166,1,3,2,2,2,3,8
1026864,3166,0,1,1,1,1,1,6
1028308,3166,0,0,0,0,0,0,1
1029748,3165,0,0,0,0,0,0,0
1031196,3166,0,0,0,0,0,0,0
1032636,3142,0,0,0,0,0,0,0
1034076,3139,0,0,0,0,0,0,0
1035520,3145,0,0,0,0,0,0,0
1036960,3149,1,1,1,1,1,2,1
1038408,3171,0,0,0,0,0,1,2
1039844,3163,0,1,1,1,1,2,4
1041284,3167,0,2,1,1,2,3,7
1042732,3163,1,2,1,2,2,2,7
1044172,3167,0,1,1,1,1,0,3
1045620,3162,0,0,0,0,0,0,0
1047060,3164,0,0,0,0,0,0,0
1048500,3166,0,0,0,0,0,0,0
1049944,3167,0,0,0,0,0,0,0
1051384,3166,0,0,0,0,0,0,0
1052832,3166,0,0,0,0,0,1,0
1054272,3176,0,0,0,0,0,1,0
1055712,3175,0,0,0,1,1,1,4
1057156,3167,0,1,1,1,1,2,5
1058600,3167,1,1,1,2,2,3,8
1060044,3167,1,2,1,1,1,2,6
1061484,3162,0,0,0,0,0,0,2
1062928,3165,0,0,0,0,0,0,0
1064368,3164,0,0,0,0,0,0,0
1065808,3164,0,0,0,0,0,0,0
1067256,3163,0,0,0,0,0,0,0
1068696,3165,0,0,0,0,0,0,0
1070140,3162,0,0,0,0,1,1,0
1071580,3162,0,0,0,0,1,1,2
1073024,3167,0,1,1,0,1,1,4
1074468,3164,0,2,1,1,2,3,7
1075908,3166,1,2,2,2,2,3,8
1077360,3165,0,1,1,0,0,0,4
1078800,3168,0,0,0,0,0,0,0
1080240,3165,0,0,0,0,0,0,0
1081688,3166,0,0,0,0,0,0,0
1083124,3169,0,0,0,0,0,0,0
1084572,3165,0,0,0,0,0,0,0
1086012,3168,0,0,0,0,0,0,0
1087452,3171,0,0,0,0,0,1,1
1088900,3175,0,1,1,1,1,2,4
1090340,3162,0,1,1,1,1,2,6
1091784,3166,0,2,2,2,2,3,8
1093224,3166,1,2,1,1,1,2,7
1094672,3161,0,0,0,0,0,0,2
1096112,3165,0,0,0,0,0,0,0
1097552,3163,0,0,0,0,0,0,0
1099000,3164,0,0,0,0,0,0,0
1100440,3161,0,0,0,0,0,0,0
1101888,3165,0,0,0,0,0,0,0
1103328,3167,0,0,0,0,0,1,0
1104772,3174,0,0,0,0,1,1,2
1106220,3165,0,1,0,1,1,1,4
1107660,3169,1,2,1,1,2,3,7
1109112,3168,0,2,2,1,2,3,8
1110552,3167,0,1,1,1,1,1,5
1111996,3167,0,0,0,0,0,0,0
1113444,3166,0,0,0,0,0,0,0
1114884,3167,0,0,0,0,0,0,0
1116332,3167,0,0,0,0,0,0,0
1117772,3166,0,0,0,0,0,0,0
1119212,3165,0,0,0,0,0,0,0
1120660,3168,0,0,0,0,0,1,0
1122092,3173,0,0,0,0,1,1,4
1123536,3163,0,1,1,1,1,2,6
1124980,3157,0,2,2,2,2,3,8
1126424,3165,1,2,1,1,1,2,6
1127864,3165,0,0,0,0,0,0,2
1129304,3163,0,0,0,0,0,0,0
1130752,3164,0,0,0,0,0,0,0
1132192,3167,0,0,0,0,0,0,0
1133640,3166,0,0,0,0,0,0,0
1135080,3166,0,0,0,0,0,0,0
1136520,3167,0,0,0,0,0,0,0
1137968,3174,0,0,0,0,0,1,2
1139408,3167,0,1,1,1,1,2,4
1140860,3167,0,1,1,1,1,3,7
1142300,3169,1,2,2,2,2,3,8
1143744,3167,0,1,0,0,1,1,5
1145188,3167,0,0,0,0,0,0,1
1146632,3164,0,0,0,0,0,0,0
1148080,3165,0,0,0,0,0,0,0
1149520,3162,0,0,0,0,0,0,0
1150960,3163,0,0,0,0,0,0,0
1152408,3164,0,0,0,0,0,0,0
1153836,3167,0,0,0,0,0,1,0
1155284,3174,0,0,0,0,1,2,2
1156724,3166,0,1,1,1,1,2,5
1158172,3165,1,2,2,2,2,3,8
1159612,3167,1,2,1,1,1,2,7
1161052,3165,0,1,0,0,0,0,2
1162496,3164,0,0,0,0,0,0,0
1163936,3166,0,0,0,0,0,0,0
1165384,3166,0,0,0,0,0,0,0
1166824,3166,0,0,0,0,0,0,0
1168268,3168,0,0,0,0,0,0,0
1169712,3168,0,0,0,0,0,1,0
1171152,3174,0,0,0,0,1,1,2
1172604,3169,0,1,1,1,1,2,4
1174044,3168,0,1,1,1,1,2,6
1175488,3165,1,2,2,2,2,3,8
1176936,3163,0,1,1,1,1,1,6
1178376,3163,0,0,0,0,0,0,1
1179824,3163,0,0,0,0,0,0,0
1181264,3164,0,0,0,0,0,0,0
1182704,3162,0,0,0,0,0,0,0
1184152,3167,0,0,0,0,0,0,0
1185584,3167,0,0,0,0,0,0,0
1187032,3171,0,0,0,0,1,1,0
1188472,3176,0,0,0,1,0,1,3
1189920,3166,0,1,1,1,1,2,5
1191360,3165,0,2,2,2,2,3,8
1192804,3168,1,2,1,1,1,2,7
1194248,3165,0,1,1,0,0,0,2
1195688,3165,0,0,0,0,0,0,0
1197140,3165,0,0,0,0,0,0,0
1198580,3166,0,0,0,0,0,0,0
1200024,3167,0,0,0,0,0,0,0
1201468,3167,0,0,0,0,0,0,0
1202908,3167,0,0,0,0,1,1,0
1204348,3175,0,0,0,0,0,1,1
1205788,3165,0,1,0,0,1,2,4
1207228,3167,1,1,1,1,1,2,6
1208676,3164,1,2,2,2,2,3,8
1210116,3163,0,1,1,1,1,1,6
1211564,3165,0,0,0,0,0,0,1
1213004,3159,0,0,0,0,0,0,0
1214444,3165,0,0,0,0,0,0,0
1215892,3165,0,0,0,0,0,0,0
1217324,3161,0,0,0,0,0,0,0
1218772,3165,0,0,0,0,0,0,0
1220212,3173,0,0,0,0,0,1,0
1221660,3174,0,0,0,0,0,1,3
1223100,3165,0,1,0,1,1,2,5
1224544,3166,1,2,2,2,1,3,8
1225992,3161,0,2,1,1,2,2,7
1227432,3166,0,1,1,0,0,0,3
1228884,3167,0,0,0,0,0,0,0
1230324,3167,0,0,0,0,0,0,0
1231764,3166,0,0,0,0,0,0,0
1233208,3167,0,0,0,0,0,0,0
1234648,3163,0,0,0,0,0,0,0
1236084,3166,0,0,0,0,0,1,0
1237524,3170,0,0,0,0,1,1,1
1238964,3166,0,1,0,1,1,2,4
1240412,3166,0,2,1,1,1,2,6
1241852,3160,1,2,2,2,2,3,8
1243300,3166,0,2,1,1,1,1,6
1244740,3165,0,0,0,0,0,0,1
1246180,3163,0,0,0,0,0,0,0
1247628,3164,0,0,0,0,0,0,0
1249068,3164,0,0,0,0,0,0,0
1250516,3165,0,0,0,0,0,0,0
1251956,3165,0,0,0,0,0,0,0
1253404,3169,0,0,0,0,0,1,0
1254844,3175,0,0,0,0,0,1,3
1256284,3167,0,0,1,1,1,2,5
1257732,3168,0,2,1,2,2,3,8
1259172,3166,0,2,1,1,0,2,7
1260624,3166,0,1,1,1,1,1,3
1262064,3163,0,0,0,0,0,0,0
1263504,3165,0,0,0,0,0,0,0
1264952,3164,0,0,0,0,0,0,0
1266396,3164,0,0,0,0,0,0,0
1267832,3159,0,0,0,0,0,0,0
1269272,3165,0,0,0,0,0,0,0
1270716,3172,0,0,0,0,0,1,1
1272164,3166,0,1,0,1,1,2,3
1273604,3166,0,1,1,1,1,1,6
1275052,3163,1,2,2,2,2,3,8
1276492,3166,0,1,1,1,1,1,6
1277932,3166,0,0,0,0,0,0,1
1279380,3168,0,0,0,0,0,0,0
1280816,3165,0,0,0,0,0,0,0
1282260,3163,0,0,0,0,0,0,0
1283700,3168,0,0,0,0,0,0,0
1285144,3165,0,0,0,0,0,0,0
1286584,3169,0,0,0,0,1,1,0
1288024,3177,0,0,0,0,1,1,2
1289468,3166,0,1,1,1,1,2,4
1290908,3160,1,2,1,2,2,3,8
1292356,3165,1,2,2,2,1,2,7
1293796,3164,0,1,1,1,1,1,4
1295236,3163,0,0,0,0,0,0,0
1296684,3159,0,0,0,0,0,0,0
1298124,3163,0,0,0,0,0,0,0
1299572,3159,0,0,0,0,0,0,0
1301012,3164,0,0,0,0,0,0,0
1302456,3167,0,0,0,0,0,0,0
1303900,3175,0,0,0,0,0,0,1
1305344,3173,0,0,1,1,1,2,4
1306788,3168,0,1,1,1,1,2,6
1308232,3167,1,2,2,2,2,3,8
1309672,3166,0,1,1,1,1,2,6
1311120,3167,0,0,0,0,0,0,2
1312560,3165,0,0,0,0,0,0,0
1314004,3163,0,0,0,0,0,0,0
1315440,3167,0,0,0,0,0,0,0
1316888,3166,0,0,0,0,0,0,0
1318328,3166,0,0,0,0,0,0,0
1319768,3163,0,0,0,0,1,1,0
1321212,3175,0,0,0,0,1,1,2
1322652,3165,0,1,1,1,1,2,4
1324100,3161,0,1,1,1,2,3,7
1325540,3165,1,2,2,1,1,2,7
1326980,3161,0,1,1,1,1,1,4
1328428,3165,0,0,0,0,0,0,0
1329868,3163,0,0,0,0,0,0,0
1331316,3167,0,0,0,0,0,0,0
1332756,3167,0,0,0,0,0,0,0
1334196,3164,0,0,0,0,0,0,0
1335640,3168,0,0,0,0,0,0,0
1337084,3174,0,0,0,0,1,1,1
1338528,3174,0,1,0,1,1,2,3
1339968,3166,0,1,1,1,2,2,6
1341408,3168,1,3,2,2,2,3,8
1342856,3167,0,2,1,1,1,2,7
1344300,3166,0,0,0,0,0,0,2
1345744,3167,0,0,0,0,0,0,0
1347184,3165,0,0,0,0,0,0,0
1348628,3164,0,0,0,0,0,0,0
1350068,3166,0,0,0,0,0,0,0
1351512,3164,0,0,0,0,0,0,0
1352956,3163,0,0,0,0,0,1,0
1354400,3171,0,0,0,0,1,1,2
1355844,3166,0,1,1,1,1,2,4
1357284,3166,1,2,1,1,2,3,7
1358724,3164,1,2,2,2,1,2,8
1360172,3161,0,1,1,1,1,1,4
1361612,3165,0,0,0,0,0,0,0
1363060,3164,0,0,0,0,0,0,0
1364500,3168,0,0,0,0,0,0,0
1365940,3166,0,0,0,0,0,0,0
1367388,3168,0,0,0,0,0,0,0
1368828,3167,0,0,0,0,0,0,0
1370272,3172,0,0,0,0,1,1,1
1371712,3171,0,0,0,0,0,1,3
1373152,3166,0,1,1,1,2,2,6
1374600,3167,0,2,2,2,2,3,8
1376040,3166,0,1,1,1,1,2,7
1377488,3167,0,1,0,0,0,0,2
1378928,3166,0,0,0,0,0,0,0
1380372,3164,0,0,0,0,0,0,0
1381816,3161,0,0,0,0,0,0,0
1383256,3167,0,0,0,0,0,0,0
1384700,3160,0,0,0,0,0,0,0
1386140,3163,0,0,0,0,0,1,0
1387588,3174,0,0,0,0,1,1,1
1389032,3147,0,0,0,0,0,1,3
1390472,3135,1,2,2,1,2,3,7
1391916,3166,2,3,2,3,2,3,8
1393360,3165,0,1,1,1,0,0,4
1394808,3141,0,0,0,0,0,0,1
1396248,3168,0,0,0,0,0,0,0
1397688,3164,0,0,0,0,0,0,0
1399136,3166,0,0,0,0,0,0,0
1400576,3168,0,0,0,0,0,0,0
1402024,3165,0,0,0,0,0,0,0
1403464,3174,0,0,1,0,1,1,0
1404904,3175,0,0,1,1,1,1,3
1406352,3165,0,1,1,1,1,2,5
1407784,3167,1,2,2,2,2,3,8
1409232,3163,0,2,1,1,1,2,7
1410672,3159,0,1,0,0,0,0,2
1412120,3162,0,0,0,0,0,0,0
1413560,3157,0,0,0,0,0,0,0
1415000,3163,0,0,0,0,0,0,0
1416448,3167,0,0,0,0,0,0,0
1417888,3163,0,0,0,0,0,0,0
1419336,3163,0,0,0,0,0,1,0
1420776,3174,0,0,0,0,0,1,1
1422220,3163,0,1,0,0,1,2,4
1423664,3165,1,2,1,1,1,2,7
1425108,3167,1,2,1,2,2,3,8
1426544,3165,0,1,1,0,1,1,5
1427984,3165,0,0,0,0,0,0,1
1429428,3166,0,0,0,0,0,0,0
1430872,3166,0,0,0,0,0,0,0
1432316,3167,0,0,0,0,0,0,0
1433764,3168,0,0,0,0,0,0,0
1435204,3164,0,0,0,0,0,0,0
1436644,3171,0,0,0,0,1,1,0
1438088,3170,0,1,0,0,1,1,3
1439528,3161,0,1,1,1,1,2,5
1440976,3163,1,2,2,2,2,3,8
1442416,3160,0,1,2,1,1,2,7
1443860,3162,0,1,1,0,0,0,2
1445300,3165,0,0,0,0,0,0,0
1446740,3159,0,0,0,0,0,0,0
1448188,3164,0,0,0,0,0,0,0
1449628,3167,0,0,0,0,0,0,0
1451076,3165,0,0,0,0,0,0,0
1452516,3165,0,0,0,0,0,1,0
1453956,3176,0,0,0,0,0,1,1
1455404,3169,0,0,1,1,1,2,4
1456844,3168,1,2,1,1,2,2,6
1458296,3168,0,2,1,2,2,3,8
1459736,3167,0,1,1,1,1,1,6
1461176,3167,0,0,0,0,0,0,1
1462624,3167,0,0,0,0,0,0,0
1464064,3166,0,0,0,0,0,0,0
1465512,3167,0,0,0,0,0,0,0
1466952,3163,0,0,0,0,0,0,0
1468392,3159,0,0,0,0,0,0,0
1469840,3168,1,0,0,0,1,1,0
1471272,3167,0,0,0,0,1,1,3
1472720,3163,1,1,1,1,1,2,5
1474160,3166,1,2,2,2,2,3,9
1475608,3166,1,2,1,1,1,2,7
1477048,3162,0,1,0,0,0,0,3
1478488,3165,0,0,0,0,0,0,0
1479936,3167,0,0,0,0,0,0,0
1481376,3166,0,0,0,0,0,0,0
1482824,3168,0,0,0,0,0,0,0
1484264,3166,0,0,0,0,0,0,0
1485704,3167,0,0,0,0,1,1,0
1487152,3175,0,0,0,0,0,1,1
1488596,3172,0,1,1,0,1,1,4
1490032,3165,1,2,1,1,1,2,6
1491472,3168,0,2,2,2,2,3,8
1492912,3167,1,2,1,1,1,1,6
1494360,3163,0,0,0,0,0,0,1
1495800,3163,0,0,0,0,0,0,0
1497248,3158,0,0,0,0,0,0,0
1498688,3164,0,0,0,0,0,0,0
1500128,3166,0,0,0,0,0,0,0
1501576,3161,0,0,0,0,0,0,0
1503016,3168,0,0,0,0,1,1,0
1504464,3175,0,0,0,1,1,1,2
1505904,3163,0,1,1,0,1,2,5
1507352,3166,1,2,1,1,2,3,8
1508796,3166,0,2,2,1,0,2,7
1510236,3165,0,1,1,0,0,0,3
1511684,3167,0,0,0,0,0,0,0
1513124,3167,0,0,0,0,0,0,0
1514576,3165,0,0,0,0,0,0,0
1516016,3166,0,0,0,0,0,0,0
1517456,3167,0,0,0,0,0,0,0
1518904,3167,0,0,0,0,0,0,0
1520344,3171,0,0,0,0,1,1,1
1521780,3171,0,1,1,1,1,2,3
1523224,3164,0,1,1,1,1,2,6
1524664,3166,1,2,2,2,2,3,8
1526108,3159,0,1,1,1,1,1,6
1527552,3161,0,0,0,0,0,0,1
1529000,3163,0,0,0,0,0,0,0
1530440,3160,0,0,0,0,0,0,0
1531880,3165,0,0,0,0,0,0,0
1533328,3167,0,0,0,0,0,0,0
1534760,3163,0,0,0,0,0,0,0
1536212,3168,0,0,0,0,0,1,0
1537648,3175,0,0,0,0,0,1,2
1539096,3166,0,1,1,1,1,2,5
1540536,3167,0,1,1,1,2,3,8
1541976,3166,1,2,2,2,1,2,8
1543424,3166,0,1,1,0,1,0,4
1544864,3167,0,0,0,0,0,0,0
1546312,3166,0,0,0,0,0,0,0
1547756,3165,0,0,0,0,0,0,0
1549196,3167,0,0,0,0,0,0,0
1550644,3167,0,0,0,0,0,0,0
1552084,3159,0,0,0,0,0,1,0
1553520,3173,0,0,0,0,1,1,1
1554960,3172,0,1,1,1,1,1,4
1556404,3163,0,1,1,1,1,2,6
1557852,3161,1,2,2,2,2,3,8
1559292,3166,0,1,1,1,1,1,7
1560736,3164,0,0,0,0,0,0,1
1562180,3161,0,0,0,0,0,0,0
1563620,3166,0,0,0,0,0,0,0
1565064,3162,0,0,0,0,0,0,0
1566508,3167,0,0,0,0,0,0,0
1567952,3166,0,0,0,0,0,0,0
1569396,3167,0,0,0,0,1,1,0
1570840,3175,0,0,0,0,1,1,2
1572284,3166,0,1,0,0,1,2,4
1573724,3167,0,2,1,1,2,3,8
1575172,3167,1,2,2,2,1,2,7
1576612,3166,0,1,1,1,1,1,4
1578060,3163,0,0,0,0,0,0,0
1579500,3166,0,0,0,0,0,0,0
1580944,3164,0,0,0,0,0,0,0
1582392,3161,0,0,0,0,0,0,0
1583832,3168,0,0,0,0,0,0,0
1585272,3162,0,0,0,0,0,0,0
1586712,3167,0,0,0,0,1,1,1
1588156,3173,0,0,0,0,1,2,3
1589600,3167,0,1,1,1,1,2,6
1591044,3162,1,2,2,2,2,3,8
1592488,3160,0,1,1,1,1,2,7
1593932,3166,0,0,0,0,0,0,1
1595372,3164,0,0,0,0,0,0,0
1596820,3165,0,0,0,0,0,0,0
1598252,3167,0,0,0,0,0,0,0
1599700,3167,0,0,0,0,0,0,0
1601140,3167,0,0,0,0,0,0,0
1602588,3168,0,0,0,0,1,1,0
1604028,3175,0,0,0,0,1,1,2
1605468,3166,0,1,1,1,1,2,4
1606912,3168,1,2,1,1,2,3,7
1608352,3167,1,2,2,2,1,2,8
1609800,3163,0,1,1,1,1,1,4
1611240,3163,0,0,0,0,0,0,0
1612680,3164,0,0,0,0,0,0,0
1614128,3156,0,0,0,0,0,0,0
1615568,3166,0,0,0,0,0,0,0
1617020,3166,0,0,0,0,0,0,0
1618460,3164,0,0,0,0,0,0,0
1619900,3170,0,0,0,0,0,1,0
1621348,3173,0,1,0,0,1,2,3
1622788,3167,0,1,1,1,1,2,5
1624236,3166,1,2,2,2,2,3,8
1625676,3166,0,2,1,1,1,2,7
1627116,3167,0,1,0,0,0,0,2
1628564,3157,0,0,0,0,0,0,0
1629996,3167,0,0,0,0,0,0,0
1631444,3167,0,0,0,0,0,0,0
1632888,3167,0,0,0,0,0,0,0
1634332,3166,0,0,0,0,0,0,0
1635776,3167,0,0,0,0,0,1,0
1637216,3174,1,1,0,0,1,1,2
1638664,3164,0,1,0,1,1,2,4
1640104,3162,1,2,1,1,2,3,7
1641552,3163,1,2,2,2,2,3,8
1642992,3163,0,1,1,1,1,1,5
1644432,3159,0,0,0,0,0,0,1
1645876,3165,0,0,0,0,0,0,0
1647316,3165,0,0,0,0,0,0,0
1648752,3163,0,0,0,0,0,0,0
1650192,3166,0,0,0,0,0,0,0
1651632,3165,0,0,0,0,0,0,0
1653076,3172,0,0,0,0,0,1,1
1654516,3175,0,0,0,0,1,2,3
1655964,3167,0,1,1,0,1,2,5
1657404,3166,1,2,1,2,2,3,9
1658844,3166,0,2,1,1,1,2,7
1660292,3165,0,0,0,0,0,0,2
1661728,3165,0,0,0,0,0,0,0
1663176,3167,0,0,0,0,0,0,0
1664616,3166,0,0,0,0,0,0,0
1666060,3167,0,0,0,0,0,0,0
1667500,3163,0,0,0,0,0,0,0
1668940,3159,0,0,0,0,0,1,0
1670388,3171,1,0,0,0,1,1,2
1671828,3157,0,1,0,0,1,2,4
1673276,3165,1,1,1,1,1,2,7
1674716,3168,1,2,2,2,2,3,7
1676156,3165,0,1,1,1,1,1,5
1677604,3163,0,0,0,0,0,0,1
1679044,3165,0,0,0,0,0,0,0
1680492,3166,0,0,0,0,0,0,0
1681932,3154,0,0,0,0,0,0,0
1683372,3167,0,0,0,0,0,0,0
1684816,3166,0,0,0,0,0,0,0
1686256,3171,0,0,0,0,1,1,0
1687704,3176,0,0,0,0,1,2,3
1689144,3168,0,1,0,1,1,2,5
1690584,3167,1,2,2,2,2,3,8
1692028,3165,0,2,1,1,1,2,7
1693468,3164,0,1,0,0,0,0,2
1694912,3166,0,0,0,0,0,0,0
1696356,3162,0,0,0,0,0,0,0
1697800,3160,0,0,0,0,0,0,0
1699240,3164,0,0,0,0,0,0,0
1700680,3163,0,0,0,0,0,0,0
1702124,3161,0,0,0,0,0,1,0
1703568,3173,0,0,0,0,1,1,1
1705012,3169,0,1,0,1,1,1,4
1706452,3164,0,1,1,1,1,2,6
1707892,3168,1,2,2,2,1,3,8
1709340,3165,0,1,1,1,1,1,5
1710780,3167,0,0,0,0,0,0,1
1712232,3164,0,0,0,0,0,0,0
1713672,3163,0,0,0,0,0,0,0
1715112,3168,0,0,0,0,0,0,0
1716560,3165,0,0,0,0,0,0,0
1718000,3167,0,0,0,0,0,0,0
1719448,3169,0,0,0,0,1,1,0
1720888,3176,0,1,1,1,1,1,3
1722328,3166,0,0,1,1,1,2,5
1723776,3165,0,2,2,2,2,3,8
1725216,3165,1,2,1,1,1,2,7
1726664,3164,0,1,1,0,0,0,3
1728104,3162,0,0,0,0,0,0,0
1729548,3149,0,0,0,0,0,0,0
1730988,3131,0,0,0,0,0,0,0
1732428,3134,0,0,0,0,0,0,0
1733876,3129,0,0,0,0,0,0,0
1735316,3133,0,0,0,0,0,1,0
1736764,3143,0,0,0,0,1,1,0
1738204,3137,0,1,0,1,1,2,4
1739644,3133,0,1,1,1,1,2,6
1741092,3137,1,2,2,2,1,2,8
1742532,3133,0,1,1,1,1,1,6
1743984,3135,0,0,0,0,0,0,1
1745424,3132,0,0,0,0,0,0,0
1746864,3136,0,0,0,0,0,0,0
1748312,3136,0,0,0,0,0,0,0
1749752,3136,0,0,0,0,0,0,0
1751200,3135,0,0,0,0,0,0,0
1752640,3130,0,0,0,0,0,1,0
1754080,3144,0,0,0,0,1,2,3
1755528,3130,0,1,1,1,1,2,5
1756968,3134,0,2,2,2,2,3,8
1758416,3127,0,2,1,1,1,2,7
1759856,3132,0,1,1,1,0,0,3
1761304,3128,0,0,0,0,0,0,0
1762744,3134,0,0,0,0,0,0,0
1764184,3136,0,0,0,0,0,0,0
1765632,3134,0,0,0,0,0,0,0
1767072,3133,0,0,0,0,0,0,0
1768520,3133,0,0,0,0,0,1,0
1769960,3139,0,0,0,0,1,1,1
1771400,3131,0,0,0,0,0,1,4
1772848,3135,0,0,1,1,1,2,6
1774288,3136,1,2,2,1,2,3,8
1775736,3134,0,1,1,1,1,1,6
1777180,3134,0,0,0,0,0,0,1
1778620,3135,0,0,0,0,0,0,0
1780068,3134,0,0,0,0,0,0,0
1781508,3129,0,0,0,0,0,0,0
1782956,3133,0,0,0,0,0,0,0
1784396,3132,0,0,0,0,0,0,0
1785836,3129,0,0,0,0,1,1,0
1787284,3145,0,0,0,1,1,1,2
1788716,3134,0,1,1,0,1,2,5
1790164,3134,0,2,2,2,2,3,7
1791604,3130,1,2,1,1,1,2,7
1793052,3133,0,1,1,0,0,0,2
1794492,3131,0,0,0,0,0,0,0
1795932,3134,0,0,0,0,0,0,0
1797380,3136,0,0,0,0,0,0,0
1798820,3135,0,0,0,0,0,0,0
1800268,3135,0,0,0,0,0,0,0
1801708,3135,0,0,0,0,1,0,0
1803148,3144,0,0,0,0,1,1,1
1804596,3143,0,1,0,1,1,2,3
1806036,3137,0,1,1,1,1,2,6
1807472,3136,1,2,2,2,2,3,8
1808912,3134,0,1,1,1,1,1,6
1810352,3133,0,0,0,0,0,0,2
1811800,3133,0,0,0,0,0,0,0
1813240,3132,0,0,0,0,0,0,0
1814684,3129,0,0,0,0,0,0,0
1816128,3126,0,0,0,0,0,0,0
1817568,3131,0,0,0,0,0,0,0
1819016,3127,0,0,0,0,0,1,0
1820456,3141,0,0,0,0,1,1,2
1821904,3132,0,1,0,1,1,1,4
1823344,3136,1,2,1,1,1,3,8
1824792,3133,0,2,1,1,1,2,8
1826232,3133,0,1,1,1,0,0,4
1827672,3136,0,0,0,0,0,0,0
1829120,3134,0,0,0,0,0,0,0
1830560,3131,0,0,0,0,0,0,0
1832008,3136,0,0,0,0,0,0,0
1833448,3132,0,0,0,0,0,0,0
1834888,3135,0,0,0,0,0,0,0
1836336,3143,0,0,0,0,0,1,1
1837776,3141,0,1,1,1,1,1,4
1839216,3132,0,1,1,1,1,2,5
1840656,3127,0,2,2,2,2,3,9
1842096,3133,0,2,1,1,1,2,7
1843544,3122,0,0,0,0,0,0,2
1844984,3134,0,0,0,0,0,0,0
1846428,3135,0,0,0,0,0,0,0
1847868,3133,0,0,0,0,0,0,0
1849308,3130,0,0,0,0,0,0,0
1850756,3134,0,0,0,0,0,0,0
1852196,3135,0,0,0,0,1,0,0
1853644,3143,0,0,0,0,0,1,2
1855084,3137,0,0,1,0,1,1,4
1856532,3137,1,2,1,0,1,3,7
1857972,3134,1,2,2,2,2,3,8
1859412,3134,0,1,0,1,1,1,4
1860860,3134,0,0,0,0,0,0,0
1862300,3135,0,0,0,0,0,0,0
1863752,3135,0,0,0,0,0,0,0
1865192,3137,0,0,0,0,0,0,0
1866632,3133,0,0,0,0,0,0,0
1868080,3134,0,0,0,0,0,1,0
1869520,3133,0,0,0,0,0,1,0
1870972,3140,0,0,0,0,1,1,3
1872412,3132,0,1,1,1,1,2,5
1873852,3126,0,2,2,2,2,3,8
1875300,3133,0,2,1,1,1,2,5
1876740,3132,0,0,0,0,0,0,2
1878188,3132,0,0,0,0,0,0,0
1879628,3135,0,0,0,0,0,0,0
1881072,3133,0,0,0,0,0,0,0
1882520,3134,0,0,0,0,0,0,0
1883948,3135,0,0,0,0,0,0,0
1885396,3136,0,0,0,0,1,0,0
1886840,3143,0,0,0,0,1,1,2
1888288,3136,0,1,1,1,1,2,4
1889728,3137,1,1,0,1,1,3,7
1891168,3135,0,2,2,2,2,3,8
1892616,3133,0,1,1,0,1,1,5
1894056,3134,0,0,0,0,0,0,1
1895508,3135,0,0,0,0,0,0,0
1896948,3133,0,0,0,0,0,0,0
1898388,3135,0,0,0,0,0,0,0
1899836,3129,0,0,0,0,0,0,0
1901280,3127,0,0,0,0,0,0,0
1902716,3138,1,0,0,0,1,1,1
1904156,3136,0,0,0,0,1,1,3
1905600,3132,0,1,1,1,1,2,5
1907044,3135,0,2,2,2,2,3,8
1908488,3132,0,2,1,1,1,1,6
1909936,3131,0,0,0,0,0,0,2
1911376,3134,0,0,0,0,0,0,0
1912820,3133,0,0,0,0,0,0,0
1914268,3132,0,0,0,0,0,0,0
1915700,3134,0,0,0,0,0,0,0
1917148,3133,0,0,0,0,0,0,0
1918588,3134,0,0,0,0,1,1,0
1920040,3143,0,0,0,0,1,1,2
1921476,3136,0,1,0,0,1,1,4
1922920,3136,1,2,1,1,2,3,7
1924364,3135,0,2,2,2,2,3,8
1925804,3135,0,2,1,1,1,1,5
1927256,3134,0,0,0,0,0,0,1
1928696,3129,0,0,0,0,0,0,0
1930136,3128,0,0,0,0,0,0,0
1931584,3127,0,0,0,0,0,0,0
1933024,3131,0,0,0,0,0,0,0
1934460,3128,0,0,0,0,0,0,0
1935900,3138,0,0,0,0,0,1,0
1937344,3141,0,0,0,0,1,1,2
1938788,3134,0,1,1,1,1,2,6
1940232,3134,1,2,2,2,2,3,8
1941680,3131,0,1,1,1,1,2,7
1943120,3131,0,1,0,0,0,0,2
1944560,3134,0,0,0,0,0,0,0
1946008,3135,0,0,0,0,0,0,0
1947440,3132,0,0,0,0,0,0,0
1948884,3135,0,0,0,0,0,0,0
1950324,3135,0,0,0,0,0,0,0
1951772,3134,0,0,0,0,1,1,0
1953216,3142,0,0,0,0,1,1,1
1954656,3138,0,1,1,1,1,1,4
1956104,3133,0,2,1,1,1,2,7
1957544,3130,1,2,2,2,2,3,8
1958992,3124,0,1,1,1,1,1,5
1960432,3133,0,0,0,0,0,0,1
1961876,3123,0,0,0,0,0,0,0
1963324,3133,0,0,0,0,0,0,0
1964764,3135,0,0,0,0,0,0,0
1966200,3128,0,0,0,0,0,0,0
1967640,3133,0,0,0,0,0,0,0
1969080,3135,0,0,0,0,1,1,0
1970528,3144,0,1,0,0,0,0,3
1971968,3130,0,1,0,0,2,3,5
1973416,3136,1,2,2,2,2,3,8
1974856,3136,0,2,0,0,1,2,7
1976296,3133,0,1,1,1,0,0,2
1977744,3135,0,0,0,0,0,0,0
1979176,3134,0,0,0,0,0,0,0
1980624,3135,0,0,0,0,0,0,0
1982064,3133,0,0,0,0,0,0,0
1983512,3132,0,0,0,0,0,0,0
1984952,3134,0,0,0,0,1,1,0
1986392,3140,0,0,0,0,1,1,1
1987840,3137,0,1,1,0,1,2,4
1989280,3133,1,2,1,1,1,2,6
1990732,3125,1,2,2,2,2,3,8
1992172,3133,0,1,1,1,1,1,6
1993612,3133,0,0,0,0,0,0,1
1995060,3131,0,0,0,0,0,0,0
1996500,3131,0,0,0,0,0,0,0
1997936,3136,0,0,0,0,0,0,0
1999380,3134,0,0,0,0,0,0,0
2000820,3133,0,0,0,0,0,0,0
2002264,3135,0,0,0,0,0,1,0
2003704,3145,0,0,0,0,0,1,3
2005152,3135,0,1,1,1,1,2,5
2006592,3136,0,2,2,2,2,3,8
2008032,3134,0,1,1,1,1,2,7
2009480,3133,0,1,1,1,0,0,3
2010920,3130,0,0,0,0,0,0,0
2012368,3133,0,0,0,0,0,0,0
2013808,3132,0,0,0,0,0,0,0
2015256,3132,0,0,0,0,0,0,0
2016696,3133,0,0,0,0,0,0,0
2018136,3131,0,0,0,0,0,1,0
2019584,3141,0,1,0,0,1,1,1
2021024,3138,0,0,0,1,1,2,4
2022472,3135,0,2,1,1,1,2,5
2023916,3134,1,2,2,1,2,3,8
2025356,3130,0,1,1,1,1,1,6
2026804,3135,0,0,0,0,0,0,1
2028244,3134,0,0,0,0,0,0,0
2029680,3134,0,0,0,0,0,0,0
2031120,3135,0,0,0,0,0,0,0
2032564,3130,0,0,0,0,0,0,0
2034012,3135,0,0,0,0,0,0,0
2035452,3138,0,0,0,0,0,1,0
2036900,3146,0,0,0,0,1,1,3
2038340,3134,0,1,1,1,1,2,5
2039780,3132,0,2,2,1,2,3,8
2041232,3131,0,2,1,1,1,2,7
2042672,3132,0,1,1,0,1,0,3
2044120,3128,0,0,0,0,0,0,0
2045560,3126,0,0,0,0,0,0,0
2047008,3135,0,0,0,0,0,0,0
2048452,3133,0,0,0,0,0,0,0
2049892,3129,0,0,0,0,0,0,0
2051336,3134,0,0,0,0,0,1,0
2052776,3142,0,0,0,0,0,1,1
2054224,3141,0,1,0,0,1,1,4
2055664,3134,0,1,1,1,1,2,6
2057104,3132,0,2,1,2,2,3,8
2058548,3135,0,1,1,1,1,2,6
2059988,3134,0,0,0,0,0,0,2
2061424,3134,0,0,0,0,0,0,0
2062864,3135,0,0,0,0,0,0,0
2064304,3137,0,0,0,0,0,0,0
2065752,3135,0,0,0,0,0,0,0
2067192,3133,0,0,0,0,0,0,0
2068640,3131,0,0,0,0,1,1,0
2070076,3140,0,0,0,0,1,1,2
2071520,3128,0,1,1,1,1,1,4
2072964,3126,0,1,1,1,2,3,8
2074404,3132,1,2,2,1,1,2,7
2075852,3122,0,1,1,1,0,0,4
2077292,3133,0,0,0,0,0,0,0
2078736,3133,0,0,0,0,0,0,0
2080176,3079,0,0,0,0,0,0,0
2081616,3085,0,0,0,0,0,0,0
2083060,3085,0,0,0,0,0,0,0
2084500,3112,0,0,0,0,0,1,0
2085948,3120,0,0,0,0,0,1,1
2087388,3109,0,0,0,1,1,2,4
2088828,3115,0,1,1,0,1,2,5
2090272,3113,1,2,2,2,2,3,9
2091712,3118,1,2,1,0,0,0,6
2093164,3125,0,0,0,1,1,1,3
2094604,3132,0,0,0,0,0,0,0
2096044,3130,0,0,0,0,0,0,0
2097488,3131,0,0,0,0,0,0,0
2098928,3133,0,0,0,0,0,0,0
2100376,3133,0,0,0,0,0,0,0
2101816,3126,0,0,0,0,0,1,0
2103256,3123,1,1,1,1,1,1,2
2104704,3124,0,1,1,0,1,1,4
2106144,3133,1,2,1,2,2,3,7
2107592,3133,1,2,2,2,1,2,7
2109032,3132,0,1,1,1,1,0,4
2110480,3132,0,0,0,0,0,0,0
2111920,3134,0,0,0,0,0,0,0
2113360,3133,0,0,0,0,0,0,0
2114808,3133,0,0,0,0,0,0,0
2116244,3135,0,0,0,0,0,0,0
2117692,3135,0,0,0,0,0,0,0
2119132,3142,0,0,0,1,1,1,1
2120576,3144,0,0,0,0,1,2,3
2122024,3137,0,0,1,0,1,2,6
2123464,3134,0,2,2,2,2,3,9
2124916,3135,0,1,1,1,1,1,6
2126356,3134,0,0,0,0,0,0,2
2127796,3135,0,0,0,0,0,0,0
2129244,3130,0,0,0,0,0,0,0
2130684,3129,0,0,0,0,0,0,0
2132132,3132,0,0,0,0,0,0,0
2133572,3140,1,0,0,0,1,1,0
2135012,3168,1,0,0,0,0,1,0
2136460,3173,0,0,0,0,1,1,2
2137900,3166,0,1,1,1,1,1,4
2139348,3163,0,2,1,1,2,3,7
2140788,3166,1,2,2,2,1,2,8
2142236,3165,0,1,1,1,1,1,4
2143676,3164,0,0,0,0,0,0,0
2145120,3163,0,0,0,0,0,0,0
2146568,3164,0,0,0,0,0,0,0
2148008,3164,0,0,0,0,0,0,0
2149456,3167,0,0,0,0,0,0,0
2150900,3168,0,0,0,0,0,0,0
2152336,3171,0,0,0,0,1,1,1
2153784,3174,0,0,0,1,1,2,3
2155224,3165,0,1,1,1,2,2,6
2156660,3167,1,2,2,2,2,3,8
2158100,3160,0,2,1,1,1,2,7
2159540,3160,0,0,0,0,0,0,2
2160988,3163,0,0,0,0,0,0,0
2162428,3163,0,0,0,0,0,0,0
2163876,3160,0,0,0,0,0,0,0
2165316,3165,0,0,0,0,0,0,0
2166756,3165,0,0,0,0,0,0,0
2168204,3164,0,0,0,0,0,1,0
2169644,3174,0,1,0,0,0,1,2
2171088,3167,0,0,0,0,1,2,4
2172528,3166,2,2,2,2,2,3,7
2173976,3168,1,3,1,1,2,2,8
2175416,3167,0,1,1,1,1,1,5
2176860,3163,0,0,0,0,0,0,0
2178304,3165,0,0,0,0,0,0,0
2179744,3167,0,0,0,0,0,0,0
2181192,3166,0,0,0,0,0,0,0
2182636,3168,0,0,0,0,0,0,0
2184076,3164,0,0,0,0,0,0,0
2185520,3169,0,0,0,0,1,1,1
2186960,3168,0,1,1,1,1,1,3
2188412,3159,0,1,1,1,1,2,6
2189852,3164,1,2,2,2,2,3,8
2191296,3157,0,2,1,1,1,2,7
2192744,3164,0,1,0,0,0,0,2
2194184,3165,0,0,0,0,0,0,0
2195628,3165,0,0,0,0,0,0,0
2197072,3163,0,0,0,0,0,0,0
2198512,3167,0,0,0,0,0,0,0
2199960,3166,0,0,0,0,0,0,0
2201392,3164,0,0,0,0,0,1,0
2202840,3172,0,1,0,0,1,1,2
2204280,3171,0,1,0,0,1,1,4
2205728,3166,0,2,1,1,2,3,7
2207168,3167,1,2,2,2,2,3,8
2208608,3166,0,1,1,1,1,1,5
2210056,3166,0,0,0,0,0,0,1
2211496,3162,0,0,0,0,0,0,0
2212952,3165,0,0,0,0,0,0,0
2214392,3165,0,0,0,0,0,0,0
2215832,3164,0,0,0,0,0,0,0
2217280,3163,0,0,0,0,0,0,0
2218720,3166,0,0,0,0,1,1,0
2220168,3173,0,1,1,1,1,1,3
2221608,3161,0,1,0,1,1,2,5
2223052,3166,1,2,2,2,2,2,8
2224496,3165,0,2,1,1,1,2,7
2225940,3163,0,1,1,0,0,0,2
2227388,3166,0,0,0,0,0,0,0
2228828,3166,0,0,0,0,0,0,0
2230268,3164,0,0,0,0,0,0,0
2231716,3168,0,0,0,0,0,0,0
2233156,3165,0,0,0,0,0,0,0
2234604,3163,0,0,0,0,1,1,0
2236048,3175,0,1,0,0,1,1,1
2237496,3175,0,0,0,1,0,1,4
2238936,3167,0,2,2,1,2,3,6
2240380,3163,1,2,2,2,2,3,8
2241824,3165,0,1,1,1,1,1,6
2243268,3164,0,0,0,0,0,0,1
2244716,3164,0,0,0,0,0,0,0
2246156,3165,0,0,0,0,0,0,0
2247600,3164,0,0,0,0,0,0,0
2249048,3161,0,0,0,0,0,0,0
2250488,3166,0,0,0,0,0,0,0
2251936,3165,0,0,0,0,1,1,0
2253376,3173,0,0,0,1,1,1,3
2254816,3166,0,1,0,1,1,2,5
2256264,3164,1,2,2,2,2,3,8
2257704,3169,1,2,1,1,1,2,7
2259148,3166,0,1,1,0,0,0,3
2260592,3168,0,0,0,0,0,0,0
2262040,3166,0,0,0,0,0,0,0
2263480,3166,0,0,0,0,0,0,0
2264920,3166,0,0,0,0,0,0,0
2266368,3167,0,0,0,0,0,0,0
2267808,3166,0,0,0,0,1,1,0
2269256,3177,0,0,0,0,1,1,1
2270696,3175,0,1,1,0,0,1,3
2272140,3164,0,1,1,1,2,2,7
2273588,3162,1,2,2,2,2,3,8
2275028,3166,0,1,1,1,1,1,6
2276464,3162,0,0,0,0,0,0,1
2277908,3159,0,0,0,0,0,0,0
2279348,3165,0,0,0,0,0,0,0
2280796,3164,0,0,0,0,0,0,0
2282236,3163,0,0,0,0,0,0,0
2283684,3165,0,0,0,0,0,0,0
2285128,3165,0,0,0,0,1,0,0
2286568,3173,0,1,0,1,1,2,3
2288016,3167,0,1,0,0,1,2,5
2289456,3167,1,2,2,1,1,3,8
2290904,3165,0,2,1,1,1,2,7
2292344,3165,0,1,1,1,0,0,3
2293792,3165,0,0,0,0,0,0,0
2295232,3165,0,0,0,0,0,0,0
2296672,3165,0,0,0,0,0,0,0
2298120,3168,0,0,0,0,0,0,0
2299560,3166,0,0,0,0,0,0,0
2301012,3163,0,0,0,0,0,1,0
2302456,3167,0,0,0,0,1,1,1
2303896,3173,0,1,1,0,1,1,4
2305344,3158,0,1,1,1,1,2,6
2306784,3166,1,3,2,2,2,3,8
2308232,3164,0,1,1,1,1,1,6
2309672,3166,0,0,0,0,0,0,1
2311116,3163,0,0,0,0,0,0,0
2312560,3165,0,0,0,0,0,0,0
2314004,3163,0,0,0,0,0,0,0
2315448,3166,0,0,0,0,0,0,0
2316892,3166,0,0,0,0,0,0,0
2318332,3166,0,0,0,0,0,1,0
2319780,3174,0,1,0,1,1,2,3
2321220,3165,0,0,0,1,1,1,5
2322668,3169,1,2,1,2,2,3,8
2324108,3166,1,2,2,1,2,2,7
2325556,3167,0,1,1,1,0,0,3
2326996,3165,0,0,0,0,0,0,0
2328440,3164,0,0,0,0,0,0,0
2329888,3162,0,0,0,0,0,0,0
2331328,3161,0,0,0,0,0,0,0
2332780,3164,0,0,0,0,0,0,0
2334220,3163,0,0,0,0,0,0,0
2335660,3163,0,0,0,0,1,1,1
2337108,3174,0,1,0,1,1,2,3
2338552,3166,0,1,1,1,1,2,5
2340000,3165,1,2,2,2,2,3,8
2341440,3165,0,1,1,1,1,1,6
2342880,3165,0,0,0,0,0,0,1
2344328,3163,0,0,0,0,0,0,0
2345768,3166,0,0,0,0,0,0,0
2347212,3167,0,0,0,0,0,0,0
2348656,3167,0,0,0,0,0,0,0
2350104,3166,0,0,0,0,0,0,0
2351544,3168,0,0,0,0,1,0,0
2352988,3172,1,1,1,0,1,2,3
2354432,3163,0,0,0,1,1,1,4
2355876,3166,1,2,2,2,2,3,8
2357324,3165,1,2,2,1,1,2,7
2358764,3163,0,1,1,1,1,0,3
2360204,3158,0,0,0,0,0,0,0
2361652,3164,0,0,0,0,0,0,0
2363092,3156,0,0,0,0,0,0,0
2364528,3166,0,0,0,0,0,0,0
2365972,3166,0,0,0,0,0,0,0
2367412,3166,0,0,0,0,1,0,0
2368860,3167,0,0,0,0,0,1,1
2370300,3177,0,1,1,0,1,2,4
2371748,3162,0,1,1,1,1,1,5
2373192,3164,1,2,2,1,2,3,8
2374632,3166,0,1,1,1,1,1,6
2376080,3167,0,0,0,0,0,0,2
2377512,3165,0,0,0,0,0,0,0
2378960,3166,0,0,0,0,0,0,0
2380400,3167,0,0,0,0,0,0,0
2381848,3166,0,0,0,0,0,0,0
2383288,3161,0,0,0,0,0,0,0
2384728,3164,0,0,0,0,0,1,0
2386176,3172,1,1,0,0,1,2,3
2387620,3151,0,0,0,0,0,1,3
2389068,3135,1,2,2,2,2,3,8
2390512,3161,2,3,3,2,2,3,8
2391952,3164,0,1,1,0,0,0,3
2393400,3161,0,0,0,0,0,0,0
2394844,3165,0,0,0,0,0,0,0
2396280,3167,0,0,0,0,0,0,0
2397724,3163,0,0,0,0,0,0,0
2399164,3167,0,0,0,0,0,0,0
2400612,3165,0,0,0,0,0,0,0
2402052,3172,0,0,0,0,1,1,1
2403500,3174,0,0,0,0,1,2,3
2404944,3166,0,1,1,1,2,2,6
2406384,3168,1,2,2,2,2,3,9
2407832,3166,0,2,1,1,1,1,7
2409264,3167,0,0,0,0,0,0,2
2410712,3164,0,0,0,0,0,0,0
2412156,3162,0,0,0,0,0,0,0
2413604,3164,0,0,0,0,0,0,0
2415044,3165,0,0,0,0,0,0,0
2416484,3160,0,0,0,0,0,0,0
2417932,3160,0,0,0,0,0,1,0
2419372,3171,0,1,0,0,1,1,2
2420824,3161,0,0,0,1,1,1,4
2422268,3165,1,2,1,1,2,3,8
2423708,3166,1,2,2,2,2,2,8
2425156,3162,0,1,1,1,1,1,4
2426596,3162,0,0,0,0,0,0,0
2428044,3161,0,0,0,0,0,0,0
2429484,3165,0,0,0,0,0,0,0
2430928,3166,0,0,0,0,0,0,0
2432376,3167,0,0,0,0,0,0,0
2433816,3166,0,0,0,0,0,0,0
2435264,3170,0,0,0,0,0,1,0
2436704,3175,0,0,0,1,1,2,3
2438152,3166,0,1,1,1,1,2,6
2439592,3167,0,2,2,2,2,3,8
2441036,3166,0,1,1,1,1,2,6
2442484,3165,0,1,0,0,0,0,2
2443924,3164,0,0,0,0,0,0,0
2445376,3158,0,0,0,0,0,0,0
2446816,3163,0,0,0,0,0,0,0
2448256,3159,0,0,0,0,0,0,0
2449704,3165,0,0,0,0,0,0,0
2451144,3165,0,0,0,0,0,1,0
2452600,3168,0,1,1,0,1,1,2
2454040,3167,0,1,0,0,1,1,4
2455484,3167,1,1,1,1,1,2,7
2456932,3165,1,2,2,1,2,2,8
2458372,3164,0,1,1,1,1,1,5
2459820,3166,0,0,0,0,0,0,1
2461260,3166,0,0,0,0,0,0,0
2462700,3164,0,0,0,0,0,0,0
2464148,3166,0,0,0,0,0,0,0
2465580,3169,0,0,0,0,0,0,0
2467024,3167,0,0,0,0,0,0,0
2468468,3171,0,0,0,0,0,1,0
2469912,3171,0,0,0,0,1,2,3
2471356,3156,0,1,1,1,1,2,5
2472796,3162,1,2,2,2,2,3,8
2474244,3160,0,1,1,1,1,1,7
2475684,3164,0,1,0,0,0,0,2
2477132,3158,0,0,0,0,0,0,0
2478576,3164,0,0,0,0,0,0,0
2480016,3166,0,0,0,0,0,0,0
2481460,3165,0,0,0,0,0,0,0
2482904,3163,0,0,0,0,0,0,0
2484340,3166,0,0,0,0,0,0,0
2485780,3171,0,0,0,1,1,1,2
2487220,3170,0,0,1,0,1,2,4
2488668,3166,0,2,1,1,1,3,7
2490108,3168,0,2,2,2,2,3,8
2491556,3164,0,1,1,1,1,1,5
2492996,3166,0,0,0,0,0,0,1
2494436,3166,0,0,0,0,0,0,0
2495884,3165,0,0,0,0,0,0,0
2497328,3167,0,0,0,0,0,0,0
2498776,3166,0,0,0,0,0,0,0
2500216,3165,0,0,0,0,0,0,0
2501664,3165,0,0,0,0,1,1,1
2503104,3170,0,1,1,1,1,2,3
2504548,3162,0,1,1,1,1,2,5
2505992,3165,1,2,2,2,2,3,9
2507436,3161,0,2,1,1,1,2,7
2508888,3165,0,1,0,0,0,0,2
2510328,3165,0,0,0,0,0,0,0
2511768,3165,0,0,0,0,0,0,0
2513216,3167,0,0,0,0,0,0,0
2514656,3166,0,0,0,0,0,0,0
2516104,3165,0,0,0,0,0,0,0
2517544,3167,0,0,0,0,0,1,0
2518988,3173,0,0,0,0,0,1,1
2520436,3171,0,0,1,1,1,2,4
25